Unit: angstrom

      X          Y          Z       RMSF
-------------------------------------------
  -160.339     29.912     -1.901     92.057
  -156.941     30.029     -1.873     89.353
  -153.543     30.146     -1.845     86.695
  -150.146     30.264     -1.817     84.088
  -146.748     30.381     -1.789     81.536
  -143.350     30.499     -1.761     79.044
  -139.952     30.616     -1.733     76.617
  -136.554     30.734     -1.706     74.261
  -133.156     30.852     -1.678     71.982
  -129.759     30.969     -1.650     69.786
  -126.361     31.087     -1.623     67.682
  -122.963     31.205     -1.595     65.679
  -119.565     31.322     -1.567     63.786
  -116.167     31.439     -1.539     62.013
  -112.769     31.557     -1.511     60.369
  -109.371     31.674     -1.483     58.864
  -105.974     31.790     -1.454     57.507
  -102.576     31.907     -1.426     56.310
   -99.178     32.024     -1.397     55.281
   -95.780     32.141     -1.369     54.433
   -92.382     32.259     -1.341     53.772
   -88.985     32.376     -1.313     53.307
   -85.587     32.493     -1.285     53.038
   -82.189     32.610     -1.256     52.970
   -78.791     32.727     -1.228     53.096
   -75.393     32.844     -1.200     53.412
   -71.995     32.962     -1.172     53.922
   -68.597     33.079     -1.144     54.634
   -65.200     33.196     -1.115     55.541
   -61.802     33.313     -1.087     56.633
   -58.404     33.430     -1.058     57.898
   -55.006     33.546     -1.030     59.325
  -159.717     16.135    -19.679     79.927
  -156.319     16.252    -19.651     77.351
  -152.921     16.369    -19.622     74.835
  -149.523     16.485    -19.594     72.388
  -146.125     16.602    -19.565     70.015
  -142.727     16.718    -19.536     67.727
  -139.329     16.834    -19.507     65.530
  -135.931     16.951    -19.478     63.434
  -132.533     17.067    -19.449     61.449
  -129.136     17.183    -19.421     59.587
  -125.738     17.299    -19.392     57.858
  -122.340     17.416    -19.363     56.274
  -118.942     17.532    -19.334     54.848
  -115.544     17.649    -19.306     53.589
  -112.146     17.765    -19.278     52.508
  -108.748     17.882    -19.249     51.613
  -105.351     17.999    -19.221     50.913
  -101.953     18.115    -19.192     50.418
   -98.555     18.232    -19.163     50.132
   -95.157     18.348    -19.134     50.061
   -91.759     18.464    -19.105     50.205
   -88.361     18.580    -19.076     50.564
   -84.963     18.696    -19.047     51.131
   -81.565     18.812    -19.018     51.899
   -78.167     18.928    -18.988     52.860
   -74.770     19.043    -18.959     54.004
   -71.372     19.159    -18.930     55.321
   -67.974     19.275    -18.901     56.800
   -64.576     19.391    -18.871     58.430
   -61.178     19.507    -18.842     60.200
   -57.780     19.623    -18.813     62.099
   -54.382     19.740    -18.784     64.115
  -169.171     -6.489    -16.680     61.824
  -165.773     -6.372    -16.652     59.198
  -162.375     -6.255    -16.625     56.649
  -158.977     -6.138    -16.597     54.188
  -155.580     -6.022    -16.569     51.828
  -152.182     -5.906    -16.542     49.583
  -148.784     -5.790    -16.514     47.468
  -145.386     -5.674    -16.487     45.500
  -141.988     -5.558    -16.459     43.697
  -138.590     -5.442    -16.431     42.078
  -135.192     -5.326    -16.404     40.665
  -131.794     -5.210    -16.376     39.480
  -128.397     -5.094    -16.348     38.541
  -124.999     -4.978    -16.320     37.868
  -121.601     -4.861    -16.292     37.473
  -118.203     -4.745    -16.264     37.362
  -114.805     -4.629    -16.236     37.539
  -111.407     -4.512    -16.207     37.998
  -108.009     -4.395    -16.179     38.730
  -104.611     -4.279    -16.151     39.718
  -101.213     -4.162    -16.123     40.947
   -97.816     -4.045    -16.095     42.396
   -94.418     -3.929    -16.067     44.045
   -91.020     -3.812    -16.039     45.875
   -87.622     -3.695    -16.011     47.864
   -84.224     -3.578    -15.983     49.995
   -80.826     -3.461    -15.956     52.253
   -77.428     -3.344    -15.928     54.624
   -74.030     -3.227    -15.900     57.093
   -70.632     -3.110    -15.873     59.649
   -67.234     -2.992    -15.845     62.281
  -169.047    -14.994      4.150     47.813
  -165.649    -14.877      4.178     45.079
  -162.251    -14.760      4.206     42.432
  -158.853    -14.642      4.234     39.893
  -155.455    -14.524      4.262     37.483
  -152.057    -14.406      4.290     35.230
  -148.659    -14.288      4.318     33.164
  -145.261    -14.170      4.346     31.320
  -141.863    -14.052      4.375     29.739
  -138.466    -13.934      4.403     28.461
  -135.068    -13.816      4.432     27.528
  -131.670    -13.698      4.460     26.972
  -128.272    -13.580      4.489     26.811
  -124.874    -13.462      4.517     27.050
  -121.476    -13.345      4.546     27.674
  -118.078    -13.227      4.575     28.656
  -114.681    -13.109      4.603     29.951
  -111.283    -12.992      4.632     31.520
  -107.885    -12.874      4.661     33.332
  -104.487    -12.756      4.690     35.359
  -101.089    -12.638      4.718     37.568
   -97.692    -12.520      4.747     39.930
   -94.294    -12.402      4.775     42.421
   -90.896    -12.284      4.804     45.021
   -87.498    -12.166      4.832     47.712
   -84.100    -12.048      4.861     50.481
   -80.703    -11.930      4.889     53.318
   -77.305    -11.812      4.917     56.211
   -73.907    -11.695      4.945     59.154
   -70.509    -11.577      4.973     62.137
   -67.111    -11.459      5.001     65.154
  -145.888     -0.377     22.116     52.227
  -142.490     -0.260     22.144     50.450
  -139.092     -0.143     22.172     48.836
  -135.695     -0.026     22.201     47.401
  -132.297      0.091     22.229     46.163
  -128.899      0.209     22.258     45.136
  -125.501      0.326     22.286     44.331
  -122.103      0.444     22.315     43.760
  -118.706      0.561     22.344     43.431
  -115.308      0.679     22.373     43.348
  -111.910      0.797     22.402     43.515
  -108.512      0.914     22.431     43.928
  -105.114      1.032     22.461     44.582
  -101.716      1.150     22.490     45.467
   -98.318      1.267     22.520     46.568
   -94.921      1.385     22.550     47.869
   -91.523      1.503     22.580     49.356
   -88.125      1.620     22.610     51.012
   -84.727      1.738     22.640     52.821
   -81.329      1.856     22.670     54.769
   -77.931      1.973     22.700     56.843
   -74.533      2.091     22.730     59.030
   -71.136      2.209     22.760     61.317
   -67.738      2.326     22.790     63.695
   -64.340      2.444     22.820     66.155
   -60.942      2.561     22.849     68.690
   -57.544      2.678     22.879     71.292
   -54.146      2.796     22.909     73.956
   -50.748      2.913     22.939     76.674
   -47.351      3.030     22.968     79.443
   -43.953      3.147     22.997     82.256
  -146.630     21.902     19.059     74.540
  -143.232     22.019     19.087     72.281
  -139.834     22.136     19.115     70.106
  -136.436     22.253     19.142     68.023
  -133.038     22.370     19.170     66.040
  -129.640     22.488     19.198     64.167
  -126.242     22.605     19.225     62.413
  -122.844     22.723     19.253     60.787
  -119.446     22.840     19.280     59.300
  -116.049     22.958     19.308     57.960
  -112.651     23.076     19.335     56.777
  -109.253     23.193     19.363     55.763
  -105.855     23.311     19.390     54.925
  -102.457     23.428     19.418     54.272
   -99.059     23.546     19.445     53.812
   -95.661     23.663     19.473     53.548
   -92.263     23.781     19.501     53.484
   -88.865     23.898     19.529     53.620
   -85.467     24.016     19.557     53.953
   -82.070     24.133     19.585     54.483
   -78.672     24.250     19.613     55.206
   -75.274     24.367     19.642     56.116
   -71.876     24.484     19.670     57.206
   -68.478     24.601     19.698     58.467
   -65.080     24.718     19.726     59.890
   -61.682     24.835     19.755     61.464
   -58.285     24.952     19.783     63.179
   -54.887     25.069     19.812     65.023
   -51.489     25.186     19.841     66.986
   -48.091     25.303     19.870     69.057
   -44.693     25.420     19.899     71.225
   -76.136     55.120     -4.283     90.936
   -72.738     55.237     -4.255     90.375
   -69.340     55.354     -4.227     89.913
   -65.943     55.472     -4.199     89.552
   -62.545     55.589     -4.170     89.296
   -59.147     55.706     -4.142     89.144
   -55.749     55.823     -4.114     89.098
   -52.351     55.940     -4.086     89.160
   -48.953     56.058     -4.058     89.329
   -45.555     56.175     -4.029     89.605
   -42.158     56.292     -4.001     89.989
   -38.760     56.409     -3.973     90.479
   -35.362     56.527     -3.945     91.075
   -31.964     56.644     -3.917     91.775
   -28.566     56.761     -3.888     92.578
   -25.168     56.878     -3.860     93.482
   -21.770     56.995     -3.832     94.484
   -18.372     57.113     -3.804     95.583
   -14.975     57.230     -3.776     96.775
   -11.577     57.347     -3.747     98.059
    -8.179     57.464     -3.719     99.432
    -4.781     57.582     -3.691    100.890
    -1.383     57.699     -3.663    102.431
     2.015     57.816     -3.635    104.053
     5.413     57.933     -3.606    105.752
     8.810     58.050     -3.578    107.525
    12.208     58.168     -3.550    109.370
    15.606     58.285     -3.522    111.284
    19.004     58.402     -3.494    113.264
    22.402     58.519     -3.465    115.309
    25.800     58.637     -3.437    117.414
    29.198     58.754     -3.409    118.967
    32.595     58.871     -3.381    120.039
    35.993     58.988     -3.353    121.271
    39.391     59.105     -3.324    122.658
    42.789     59.223     -3.296    124.197
    46.187     59.340     -3.268    125.881
    49.585     59.457     -3.240    127.708
    52.983     59.574     -3.212    129.670
    56.380     59.692     -3.184    131.764
    59.778     59.809     -3.155    133.984
    63.176     59.926     -3.127    136.326
    66.574     60.043     -3.099    138.782
    69.972     60.160     -3.071    141.350
    73.370     60.278     -3.043    144.022
    76.768     60.395     -3.014    146.796
    80.166     60.512     -2.986    149.665
    83.563     60.629     -2.958    152.626
    86.961     60.747     -2.930    155.673
    90.359     60.864     -2.902    158.804
    93.757     60.981     -2.873    162.014
    97.155     61.098     -2.845    165.299
   100.553     61.215     -2.817    168.655
   103.951     61.333     -2.789    172.080
   107.348     61.450     -2.761    175.570
   110.746     61.567     -2.732    179.122
   114.144     61.684     -2.704    182.733
   117.542     61.802     -2.676    186.401
   120.940     61.919     -2.648    190.123
   124.338     62.036     -2.620    193.897
   127.736     62.153     -2.591    197.721
   131.133     62.270     -2.563    201.592
   134.531     62.388     -2.535    205.509
   137.929     62.505     -2.507    209.469
   141.327     62.622     -2.479    213.472
   144.725     62.739     -2.450    217.515
   148.123     62.857     -2.422    221.597
   151.521     62.974     -2.394    225.717
   154.918     63.091     -2.366    229.873
   158.316     63.208     -2.338    234.063
   161.714     63.325     -2.309    238.288
   165.112     63.443     -2.281    242.545
   168.510     63.560     -2.253    246.834
   171.908     63.677     -2.225    251.090
   175.306     63.794     -2.197    255.352
   178.704     63.912     -2.169    259.696
   182.101     64.029     -2.140    264.119
   185.499     64.146     -2.112    268.619
   188.897     64.263     -2.084    273.189
   192.295     64.380     -2.056    277.830
   195.693     64.498     -2.028    282.536
   199.091     64.615     -1.999    287.307
   202.489     64.732     -1.971    292.140
   205.886     64.849     -1.943    297.029
   209.284     64.967     -1.915    301.977
   212.682     65.084     -1.887    306.979
   216.080     65.201     -1.858    312.033
   219.478     65.318     -1.830    317.137
   222.876     65.435     -1.802    322.288
   226.274     65.553     -1.774    327.486
   229.671     65.670     -1.746    332.729
   233.069     65.787     -1.717    338.017
   236.467     65.904     -1.689    343.344
   239.865     66.022     -1.661    348.711
   243.263     66.139     -1.633    354.117
   246.661     66.256     -1.605    359.559
  -110.536    -35.268      7.705     73.489
  -107.138    -35.150      7.733     74.356
  -103.741    -35.033      7.762     73.526
  -100.343    -34.915      7.791     71.840
   -96.945    -34.797      7.819     70.199
   -93.547    -34.679      7.848     68.604
   -90.149    -34.561      7.877     67.060
   -86.751    -34.443      7.905     65.570
   -83.354    -34.326      7.934     64.137
   -79.956    -34.208      7.963     62.765
   -76.558    -34.090      7.991     61.456
   -73.160    -33.972      8.020     60.216
   -69.762    -33.854      8.049     59.049
   -66.364    -33.736      8.077     57.958
   -62.967    -33.619      8.106     56.948
   -59.569    -33.501      8.135     56.022
   -56.171    -33.383      8.164     55.186
   -52.773    -33.265      8.192     54.442
   -49.375    -33.147      8.221     53.796
   -45.977    -33.030      8.250     53.250
   -42.580    -32.912      8.278     52.810
   -39.182    -32.794      8.307     52.476
   -35.784    -32.676      8.336     52.251
   -32.386    -32.558      8.364     52.146
   -28.988    -32.440      8.393     52.171
   -25.590    -32.322      8.421     52.327
   -22.193    -32.204      8.450     52.614
   -18.795    -32.086      8.478     53.030
   -15.397    -31.967      8.506     53.573
   -11.999    -31.849      8.535     54.237
    -8.601    -31.730      8.563     55.018
    -5.203    -31.612      8.591     55.910
    -1.806    -31.493      8.619     56.909
     1.592    -31.374      8.647     58.007
     4.990    -31.255      8.675     59.201
     8.388    -31.137      8.703     60.484
    11.786    -31.018      8.731     61.851
    15.183    -30.899      8.759     63.295
    18.581    -30.780      8.787     64.814
    21.979    -30.662      8.815     66.401
    25.377    -30.543      8.843     68.054
    28.775    -30.425      8.871     69.767
    32.172    -30.306      8.899     71.536
    35.570    -30.188      8.927     73.358
    38.968    -30.069      8.955     75.230
    42.366    -29.951      8.984     77.151
    45.764    -29.832      9.012     79.118
    49.162    -29.714      9.040     81.129
    52.559    -29.595      9.068     83.182
    55.957    -29.476      9.096     85.273
    59.355    -29.357      9.123     87.399
    62.753    -29.238      9.151     89.559
    66.151    -29.119      9.179     91.750
    69.548    -29.000      9.207     93.970
    72.946    -28.881      9.234     96.217
    76.344    -28.761      9.262     98.490
    79.742    -28.642      9.289    100.787
    83.140    -28.523      9.317    103.107
    86.537    -28.404      9.345    105.449
    89.935    -28.285      9.372    107.811
    93.333    -28.166      9.400    110.194
    96.731    -28.046      9.428    112.597
   100.129    -27.927      9.455    115.019
   103.526    -27.809      9.483    117.459
   106.924    -27.690      9.511    119.916
   110.322    -27.571      9.539    122.391
   113.720    -27.452      9.567    124.883
   117.118    -27.333      9.595    127.392
   120.515    -27.214      9.622    129.919
   123.913    -27.095      9.650    132.462
   127.311    -26.975      9.677    135.022
   130.709    -26.856      9.705    137.596
   134.107    -26.736      9.732    140.186
   137.504    -26.617      9.760    142.790
   140.902    -26.497      9.787    145.407
   144.300    -26.378      9.814    148.038
   147.698    -26.258      9.841    150.682
   151.095    -26.138      9.869    153.339
   154.493    -26.019      9.896    156.008
   157.891    -25.899      9.923    158.690
   161.289    -25.780      9.951    161.385
   164.687    -25.660      9.978    164.091
   168.084    -25.541     10.005    166.810
   171.482    -25.421     10.033    169.541
   174.880    -25.302     10.060    172.285
   178.278    -25.183     10.088    175.039
   181.676    -25.064     10.116    177.806
   185.073    -24.945     10.143    180.584
   188.471    -24.825     10.171    183.375
   191.869    -24.706     10.198    186.177
   195.267    -24.586     10.226    188.991
   198.665    -24.467     10.253    191.817
   202.062    -24.347     10.280    194.654
   205.460    -24.227     10.307    197.501
   208.858    -24.107     10.334    200.358
   212.256    -23.988     10.362    203.226
   215.653    -23.868     10.389    206.103
   219.051    -23.748     10.416    208.989
   222.449    -23.629     10.443    211.885
   225.847    -23.509     10.471    214.789
   229.245    -23.390     10.498    217.702
   232.642    -23.271     10.526    220.623
  -126.896    -49.677    -10.183    120.122
  -123.499    -49.560    -10.154    117.592
  -120.101    -49.442    -10.126    115.100
  -116.703    -49.324    -10.097    112.650
  -113.305    -49.206    -10.068    110.243
  -109.907    -49.089    -10.039    107.880
  -106.509    -48.971    -10.011    105.564
  -103.112    -48.853     -9.982    103.295
   -99.714    -48.735     -9.953    101.076
   -96.316    -48.617     -9.925     98.908
   -92.918    -48.500     -9.896     96.794
   -89.520    -48.382     -9.867     94.736
   -86.122    -48.264     -9.838     92.735
   -82.725    -48.146     -9.810     90.795
   -79.327    -48.029     -9.781     88.916
   -75.929    -47.911     -9.752     87.102
   -72.531    -47.793     -9.724     85.354
   -69.133    -47.675     -9.695     83.676
   -65.735    -47.557     -9.666     82.070
   -62.338    -47.440     -9.637     80.538
   -58.940    -47.322     -9.609     79.082
   -55.542    -47.204     -9.580     77.705
   -52.144    -47.086     -9.551     76.409
   -48.746    -46.969     -9.522     75.197
   -45.348    -46.851     -9.494     74.071
   -41.950    -46.733     -9.465     73.033
   -38.553    -46.615     -9.436     72.084
   -35.155    -46.497     -9.408     71.226
   -31.757    -46.380     -9.379     70.458
   -28.359    -46.262     -9.350     69.782
   -24.961    -46.145     -9.321     69.199
   -21.563    -46.027     -9.292     68.714
   -18.166    -45.910     -9.263     68.330
   -14.768    -45.793     -9.234     68.051
   -11.370    -45.676     -9.205     67.877
    -7.972    -45.558     -9.175     67.810
    -4.574    -45.442     -9.146     67.852
    -1.176    -45.325     -9.116     68.004
     2.222    -45.208     -9.087     68.266
     5.619    -45.091     -9.058     68.641
     9.017    -44.974     -9.028     69.127
    12.415    -44.857     -8.999     69.589
    15.813    -44.739     -8.970     70.037
    19.211    -44.621     -8.942     70.600
    22.609    -44.503     -8.913     71.273
    26.006    -44.385     -8.884     72.053
    29.404    -44.267     -8.856     72.934
    32.802    -44.149     -8.827     73.909
    36.200    -44.031     -8.799     74.975
    39.598    -43.913     -8.770     76.124
    42.996    -43.795     -8.742     77.351
    46.393    -43.677     -8.713     78.655
    49.791    -43.559     -8.685     80.032
    53.189    -43.441     -8.656     81.479
    56.587    -43.324     -8.627     82.995
    59.985    -43.206     -8.598     84.576
    63.383    -43.089     -8.569     86.218
    66.781    -42.971     -8.540     87.921
    70.178    -42.854     -8.511     89.680
    73.576    -42.736     -8.482     91.495
    76.974    -42.619     -8.453     93.363
    80.372    -42.502     -8.424     95.284
    83.770    -42.384     -8.395     97.177
    87.168    -42.266     -8.367     99.054
    90.565    -42.148     -8.339    100.986
    93.963    -42.029     -8.310    102.971
    97.361    -41.911     -8.282    105.003
   100.759    -41.792     -8.254    107.079
   104.157    -41.674     -8.226    109.195
   107.555    -41.555     -8.198    111.347
   110.952    -41.437     -8.170    113.533
   114.350    -41.318     -8.142    115.750
   117.748    -41.200     -8.113    117.997
   121.146    -41.081     -8.085    120.274
   124.544    -40.963     -8.057    122.579
   127.941    -40.845     -8.028    124.913
   131.339    -40.727     -8.000    127.274
   134.737    -40.609     -7.971    129.660
   138.135    -40.491     -7.943    132.072
   141.533    -40.373     -7.914    134.508
   144.931    -40.255     -7.885    136.969
   148.328    -40.137     -7.857    139.453
   151.726    -40.019     -7.828    141.928
   155.124    -39.901     -7.800    144.399
   158.522    -39.782     -7.772    146.898
   161.920    -39.664     -7.743    149.423
   165.318    -39.545     -7.715    151.974
   168.715    -39.427     -7.687    154.548
   172.113    -39.308     -7.659    157.143
   175.511    -39.189     -7.631    159.756
   178.909    -39.070     -7.604    162.387
   182.307    -38.951     -7.576    165.033
   185.704    -38.833     -7.548    167.696
   189.102    -38.714     -7.520    170.376
   192.500    -38.595     -7.492    173.071
   195.898    -38.477     -7.464    175.783
   199.296    -38.358     -7.435    178.509
   202.693    -38.240     -7.407    181.250
   206.091    -38.122     -7.379    184.006
   209.489    -38.004     -7.350    186.775
   212.887    -37.885     -7.322    189.557
   216.285    -37.767     -7.294    192.352
   219.683    -37.649     -7.265    195.159
   223.080    -37.530     -7.237    197.979
   226.478    -37.412     -7.209    200.810
   229.876    -37.293     -7.181    203.653
   233.274    -37.174     -7.153    206.506
