Unit: angstrom

      X          Y          Z       RMSF
-------------------------------------------
  -120.867     42.984     -2.495  28013.156
  -117.494     42.558     -2.447  27682.978
  -114.121     42.133     -2.399  27353.984
  -110.748     41.708     -2.351  27026.284
  -107.375     41.283     -2.304  26699.918
  -104.003     40.857     -2.256  26374.787
  -100.630     40.432     -2.208  26051.009
   -97.257     40.007     -2.161  25728.554
   -93.884     39.583     -2.113  25407.544
   -90.511     39.158     -2.066  25087.889
   -87.138     38.732     -2.018  24769.639
   -83.765     38.307     -1.971  24452.918
   -80.392     37.882     -1.923  24137.714
   -77.019     37.457     -1.875  23824.016
   -73.646     37.031     -1.827  23511.886
   -70.273     36.606     -1.779  23201.386
   -66.900     36.180     -1.731  22892.670
   -63.527     35.754     -1.683  22585.901
   -60.154     35.329     -1.634  22281.238
   -56.781     34.903     -1.586  21978.694
   -53.409     34.477     -1.538  21678.491
   -50.036     34.052     -1.490  21380.514
   -46.663     33.626     -1.442  21085.060
   -43.290     33.201     -1.394  20792.027
   -39.917     32.775     -1.346  20501.591
   -36.544     32.350     -1.298  20213.929
   -33.171     31.925     -1.250  19929.020
   -29.798     31.499     -1.202  19647.043
   -26.425     31.073     -1.154  19368.069
   -23.052     30.648     -1.106  19092.148
   -19.680     30.222     -1.057  18819.483
   -16.307     29.796     -1.009  18550.158
  -122.355     29.189    -20.208  26894.147
  -118.982     28.764    -20.160  26735.929
  -115.609     28.338    -20.111  26581.907
  -112.237     27.912    -20.063  26432.107
  -108.864     27.485    -20.014  26286.657
  -105.491     27.059    -19.965  26145.631
  -102.118     26.633    -19.917  26009.204
   -98.745     26.206    -19.868  25877.402
   -95.373     25.780    -19.819  25750.398
   -92.000     25.353    -19.771  25628.156
   -88.627     24.927    -19.722  25510.855
   -85.254     24.501    -19.673  25398.606
   -81.881     24.075    -19.625  25291.518
   -78.508     23.648    -19.577  25189.570
   -75.136     23.222    -19.529  25092.905
   -71.763     22.796    -19.480  25001.421
   -68.390     22.371    -19.432  24915.133
   -65.017     21.945    -19.383  24834.017
   -61.644     21.518    -19.335  24758.069
   -58.271     21.092    -19.286  24687.462
   -54.899     20.665    -19.237  24622.126
   -51.526     20.239    -19.188  24562.265
   -48.153     19.812    -19.139  24507.826
   -44.780     19.385    -19.090  24458.979
   -41.408     18.958    -19.041  24415.694
   -38.035     18.531    -18.992  24378.097
   -34.662     18.104    -18.943  24346.149
   -31.289     17.678    -18.894  24319.969
   -27.917     17.251    -18.845  24299.539
   -24.544     16.824    -18.796  24284.963
   -21.171     16.398    -18.747  24276.156
   -17.798     15.972    -18.698  24273.302
  -135.309      8.377    -17.165  18701.756
  -131.936      7.951    -17.117  18780.292
  -128.563      7.526    -17.070  18865.793
  -125.191      7.099    -17.023  18958.321
  -121.818      6.673    -16.975  19057.782
  -118.445      6.247    -16.928  19163.937
  -115.072      5.820    -16.880  19276.822
  -111.699      5.394    -16.833  19396.185
  -108.327      4.967    -16.785  19521.910
  -104.954      4.540    -16.738  19654.016
  -101.581      4.114    -16.690  19792.167
   -98.208      3.687    -16.643  19936.374
   -94.836      3.260    -16.595  20086.433
   -91.463      2.834    -16.547  20242.210
   -88.090      2.407    -16.499  20403.568
   -84.717      1.981    -16.451  20570.368
   -81.345      1.555    -16.403  20742.398
   -77.972      1.129    -16.355  20919.669
   -74.599      0.703    -16.307  21102.056
   -71.226      0.276    -16.259  21289.497
   -67.853     -0.150    -16.211  21481.858
   -64.480     -0.576    -16.163  21679.006
   -61.107     -1.002    -16.115  21880.740
   -57.734     -1.427    -16.068  22087.071
   -54.361     -1.853    -16.020  22297.660
   -50.988     -2.279    -15.973  22512.591
   -47.615     -2.705    -15.925  22731.531
   -44.242     -3.130    -15.877  22954.426
   -40.870     -3.556    -15.830  23181.229
   -37.497     -3.981    -15.782  23411.680
   -34.124     -4.406    -15.735  23645.721
  -136.650      0.071      3.703   6983.405
  -133.277     -0.354      3.751   7348.551
  -129.904     -0.779      3.798   7714.264
  -126.531     -1.204      3.846   8080.484
  -123.158     -1.629      3.894   8447.137
  -119.785     -2.054      3.942   8814.202
  -116.412     -2.478      3.990   9181.600
  -113.039     -2.903      4.038   9549.283
  -109.666     -3.328      4.086   9917.344
  -106.293     -3.752      4.135  10285.682
  -102.920     -4.177      4.183  10654.341
   -99.546     -4.602      4.231  11023.230
   -96.173     -5.026      4.280  11392.394
   -92.800     -5.451      4.328  11761.882
   -89.427     -5.876      4.377  12131.614
   -86.054     -6.301      4.425  12501.503
   -82.682     -6.726      4.474  12871.478
   -79.309     -7.151      4.522  13241.522
   -75.936     -7.576      4.571  13611.628
   -72.563     -8.001      4.619  13981.855
   -69.190     -8.426      4.668  14352.134
   -65.817     -8.850      4.716  14722.522
   -62.444     -9.275      4.764  15093.020
   -59.071     -9.700      4.813  15463.621
   -55.698    -10.124      4.861  15834.321
   -52.325    -10.549      4.909  16205.185
   -48.952    -10.974      4.957  16576.082
   -45.579    -11.399      5.005  16947.139
   -42.206    -11.824      5.053  17318.290
   -38.833    -12.249      5.101  17689.601
   -35.460    -12.674      5.149  18061.009
  -111.552     10.908     21.742  11135.659
  -108.179     10.482     21.790  11011.344
  -104.807     10.057     21.838  10898.526
  -101.434      9.631     21.886  10797.483
   -98.061      9.206     21.935  10708.543
   -94.688      8.781     21.983  10631.995
   -91.315      8.355     22.032  10568.027
   -87.942      7.930     22.080  10516.937
   -84.569      7.505     22.129  10478.919
   -81.196      7.080     22.178  10454.248
   -77.823      6.655     22.227  10442.882
   -74.450      6.230     22.276  10444.924
   -71.077      5.805     22.325  10460.299
   -67.704      5.380     22.375  10489.009
   -64.331      4.955     22.424  10530.881
   -60.958      4.530     22.474  10585.759
   -57.585      4.105     22.523  10653.438
   -54.212      3.680     22.573  10733.620
   -50.839      3.255     22.623  10826.087
   -47.466      2.830     22.673  10930.466
   -44.093      2.405     22.723  11046.482
   -40.720      1.980     22.772  11173.655
   -37.347      1.555     22.822  11311.705
   -33.974      1.130     22.872  11460.198
   -30.601      0.705     22.922  11618.685
   -27.228      0.280     22.972  11786.815
   -23.855     -0.146     23.021  11964.191
   -20.482     -0.571     23.071  12150.361
   -17.109     -0.996     23.120  12344.929
   -13.737     -1.422     23.169  12547.565
   -10.364     -1.847     23.218  12757.829
  -108.719     33.004     18.582  20781.435
  -105.346     32.578     18.630  20417.598
  -101.973     32.153     18.677  20054.121
   -98.600     31.727     18.725  19691.021
   -95.227     31.302     18.772  19328.378
   -91.854     30.877     18.820  18966.092
   -88.481     30.452     18.867  18604.245
   -85.108     30.026     18.915  18242.899
   -81.735     29.601     18.962  17882.022
   -78.362     29.176     19.009  17521.702
   -74.988     28.751     19.057  17161.872
   -71.615     28.326     19.104  16802.586
   -68.242     27.901     19.151  16444.000
   -64.869     27.476     19.199  16085.957
   -61.496     27.051     19.246  15728.624
   -58.123     26.625     19.294  15372.068
   -54.750     26.200     19.341  15016.243
   -51.377     25.775     19.389  14661.352
   -48.004     25.350     19.437  14307.302
   -44.631     24.924     19.485  13954.222
   -41.258     24.499     19.533  13602.247
   -37.886     24.073     19.581  13251.373
   -34.513     23.648     19.629  12901.684
   -31.140     23.222     19.677  12553.383
   -27.767     22.796     19.726  12206.586
   -24.394     22.371     19.774  11861.327
   -21.021     21.945     19.822  11517.847
   -17.648     21.519     19.871  11176.256
   -14.275     21.094     19.919  10836.890
   -10.902     20.668     19.968  10499.802
    -7.530     20.242     20.017  10165.311
   -33.712     54.443     -4.484  37094.761
   -30.339     54.017     -4.436  36774.427
   -26.966     53.592     -4.388  36455.155
   -23.593     53.166     -4.340  36136.849
   -20.220     52.741     -4.292  35819.667
   -16.847     52.315     -4.244  35503.498
   -13.475     51.890     -4.196  35188.510
   -10.102     51.464     -4.148  34874.594
    -6.729     51.039     -4.100  34561.921
    -3.356     50.614     -4.052  34250.383
     0.017     50.188     -4.004  33940.153
     3.390     49.763     -3.956  33631.126
     6.763     49.337     -3.908  33323.476
    10.136     48.912     -3.860  33017.084
    13.509     48.486     -3.812  32712.160
    16.882     48.061     -3.764  32408.589
    20.255     47.635     -3.716  32106.547
    23.628     47.210     -3.668  31805.941
    27.001     46.785     -3.620  31506.949
    30.374     46.359     -3.572  31209.480
    33.747     45.934     -3.524  30913.714
    37.120     45.508     -3.476  30619.566
    40.492     45.083     -3.428  30327.217
    43.865     44.657     -3.380  30036.585
    47.238     44.232     -3.332  29747.833
    50.611     43.806     -3.284  29460.926
    53.984     43.381     -3.236  29176.032
    57.357     42.956     -3.188  28893.074
    60.730     42.530     -3.140  28612.245
    64.103     42.105     -3.092  28333.474
    67.476     41.679     -3.044  28056.956
    70.849     41.254     -2.996  27782.621
    74.222     40.828     -2.948  27510.668
    77.595     40.403     -2.900  27241.038
    80.968     39.977     -2.851  26973.935
    84.341     39.552     -2.803  26709.272
    87.714     39.127     -2.755  26447.313
    91.086     38.701     -2.707  26187.980
    94.459     38.276     -2.659  25931.480
    97.832     37.850     -2.611  25677.771
   101.205     37.425     -2.563  25427.062
   104.578     36.999     -2.515  25179.317
   107.951     36.574     -2.467  24934.750
   111.324     36.148     -2.419  24693.331
   114.697     35.723     -2.371  24455.277
   118.070     35.298     -2.323  24220.564
   121.443     34.872     -2.275  23989.412
   124.816     34.447     -2.227  23761.765
   128.189     34.021     -2.179  23537.924
   131.562     33.596     -2.131  23317.838
   134.935     33.170     -2.083  23101.735
   138.308     32.745     -2.035  22889.608
   141.681     32.319     -1.987  22681.687
   145.053     31.894     -1.939  22477.972
   148.426     31.469     -1.891  22278.695
   151.799     31.043     -1.843  22083.860
   155.172     30.618     -1.795  21893.699
   158.545     30.192     -1.747  21708.224
   161.918     29.767     -1.699  21527.666
   165.291     29.341     -1.651  21351.993
   168.664     28.916     -1.603  21181.529
   172.037     28.490     -1.555  21016.249
   175.410     28.065     -1.507  20856.378
   178.783     27.640     -1.459  20701.941
   182.156     27.214     -1.411  20553.159
   185.529     26.789     -1.363  20410.059
   188.902     26.363     -1.315  20272.858
   192.275     25.938     -1.267  20141.579
   195.647     25.512     -1.219  20016.435
   199.020     25.087     -1.171  19897.448
   202.393     24.661     -1.123  19784.820
   205.766     24.236     -1.075  19678.515
   209.139     23.811     -1.027  19578.836
   212.512     23.385     -0.978  19485.742
   215.885     22.960     -0.930  19399.410
   219.258     22.534     -0.882  19319.855
   222.631     22.109     -0.834  19247.234
   226.004     21.683     -0.786  19181.555
   229.377     21.258     -0.738  19122.959
   232.750     20.832     -0.690  19071.443
   236.123     20.407     -0.642  19027.131
   239.496     19.982     -0.594  18990.010
   242.869     19.556     -0.546  18960.183
   246.241     19.131     -0.498  18937.561
   249.614     18.705     -0.450  18922.347
   252.987     18.280     -0.402  18914.471
   256.360     17.854     -0.354  18913.948
   259.733     17.429     -0.306  18920.775
   263.106     17.003     -0.258  18934.946
   266.479     16.578     -0.210  18956.445
   269.852     16.153     -0.162  18985.247
   273.225     15.727     -0.114  19021.318
   276.598     15.302     -0.066  19064.618
   279.971     14.876     -0.018  19115.097
   283.344     14.451      0.030  19172.699
   286.717     14.025      0.078  19237.290
   -82.137    -29.246      7.698  29994.477
   -78.764    -29.671      7.746  30361.456
   -75.391    -30.095      7.795  30728.631
   -72.018    -30.520      7.843  31095.926
   -68.645    -30.945      7.892  31463.274
   -65.272    -31.370      7.940  31830.808
   -61.899    -31.795      7.989  32198.452
   -58.526    -32.220      8.037  32566.206
   -55.153    -32.644      8.086  32933.996
   -51.780    -33.069      8.134  33301.955
   -48.407    -33.494      8.183  33670.013
   -45.034    -33.919      8.231  34038.167
   -41.661    -34.344      8.280  34406.341
   -38.288    -34.769      8.328  34774.682
   -34.915    -35.193      8.377  35143.092
   -31.542    -35.618      8.425  35511.599
   -28.169    -36.043      8.474  35880.118
   -24.796    -36.468      8.522  36248.770
   -21.423    -36.893      8.571  36617.514
   -18.050    -37.318      8.619  36986.330
   -14.677    -37.742      8.668  37355.134
   -11.304    -38.167      8.717  37724.092
    -7.931    -38.592      8.765  38093.118
    -7.931    -38.592      8.765  38093.145
    -4.557    -39.005      8.804  35959.852
    -1.182    -39.419      8.844  34066.951
     2.193    -39.832      8.883  32456.524
     5.567    -40.245      8.922  31172.450
     8.942    -40.658      8.961  30256.229
    12.317    -41.071      9.000  29741.881
    15.691    -41.484      9.039  29650.402
    19.066    -41.897      9.078  29985.605
    22.440    -42.310      9.117  30733.595
    25.815    -42.722      9.156  31864.905
    29.190    -43.134      9.194  33340.554
    32.565    -43.546      9.233  35117.552
    35.939    -43.958      9.271  37152.670
    39.314    -44.370      9.310  39405.900
    42.689    -44.783      9.348  41842.019
    46.064    -45.195      9.387  44431.024
    49.438    -45.607      9.425  47147.709
    52.812    -46.019      9.464  49971.216
    56.187    -46.432      9.502  52884.512
    59.562    -46.844      9.541  55873.498
    62.936    -47.256      9.580  58926.650
    66.311    -47.669      9.618  62034.492
    69.686    -48.081      9.657  65189.141
    73.061    -48.493      9.695  68384.118
    76.435    -48.905      9.733  71613.667
    79.810    -49.317      9.771  74874.611
    83.185    -49.729      9.810  78161.507
    86.560    -50.141      9.848  81471.835
    89.934    -50.552      9.886  84802.860
    93.309    -50.964      9.924  88152.221
    96.684    -51.376      9.962  91517.909
   100.059    -51.788     10.000  94898.176
   103.434    -52.200     10.039  98291.513
   106.808    -52.612     10.077 101697.310
   110.183    -53.024     10.116 105113.004
   113.558    -53.437     10.154 108538.289
  -100.491    -40.961    -10.223  41528.563
   -97.118    -41.386    -10.174  41896.413
   -93.745    -41.810    -10.126  42264.377
   -90.372    -42.235    -10.077  42632.419
   -86.999    -42.660    -10.029  43000.439
   -83.626    -43.085     -9.980  43368.630
   -80.253    -43.510     -9.932  43736.893
   -76.880    -43.935     -9.883  44105.192
   -73.507    -44.359     -9.835  44473.530
   -70.134    -44.784     -9.786  44841.998
   -66.761    -45.209     -9.738  45210.497
   -63.388    -45.634     -9.689  45579.093
   -60.015    -46.059     -9.641  45947.688
   -56.642    -46.484     -9.592  46316.373
   -53.269    -46.909     -9.544  46685.150
   -49.896    -47.333     -9.495  47053.922
   -46.523    -47.758     -9.446  47422.779
   -43.150    -48.183     -9.398  47791.725
   -39.777    -48.608     -9.349  48160.724
   -36.404    -49.033     -9.301  48529.680
   -33.031    -49.458     -9.252  48898.783
   -29.658    -49.882     -9.204  49267.936
   -26.285    -50.307     -9.155  49637.106
   -22.912    -50.732     -9.107  50006.292
   -19.539    -51.157     -9.058  50375.589
   -16.166    -51.582     -9.010  50744.899
   -12.793    -52.007     -8.961  51114.286
    -9.420    -52.431     -8.913  51483.654
    -9.419    -52.432     -8.913  51483.636
    -6.046    -52.845     -8.873  48667.568
    -2.671    -53.258     -8.834  45955.738
     0.703    -53.672     -8.794  43367.712
     4.078    -54.086     -8.755  40926.941
     7.452    -54.499     -8.715  38661.464
    10.827    -54.913     -8.675  36603.602
    14.201    -55.327     -8.635  34790.469
    17.576    -55.741     -8.596  33261.872
    20.950    -56.155     -8.556  32058.696
    24.325    -56.569     -8.516  31218.517
    27.699    -56.982     -8.476  30771.057
    31.074    -57.396     -8.437  30733.173
    34.449    -57.809     -8.398  31106.110
    37.823    -58.222     -8.359  31875.939
    41.198    -58.635     -8.320  33014.914
    44.573    -59.048     -8.281  34486.516
    47.947    -59.460     -8.242  36250.222
    51.322    -59.873     -8.203  38265.704
    54.697    -60.286     -8.164  40495.266
    58.071    -60.699     -8.125  42905.661
    61.446    -61.111     -8.086  45468.070
    64.821    -61.524     -8.047  48158.356
    68.195    -61.937     -8.008  50956.322
    71.570    -62.350     -7.969  53845.156
    74.945    -62.763     -7.930  56811.007
    78.319    -63.176     -7.891  59842.359
    81.694    -63.589     -7.852  62929.809
    85.068    -64.002     -7.812  66065.499
    88.443    -64.416     -7.773  69242.742
    91.818    -64.829     -7.734  72456.275
    95.191    -65.242     -7.694  75701.143
    98.566    -65.655     -7.655  78973.672
   101.940    -66.068     -7.616  82270.567
   105.315    -66.481     -7.577  85589.019
   108.690    -66.894     -7.538  88926.625
   112.064    -67.307     -7.499  92280.601
