Unit: angstrom

      X          Y          Z       RMSF
-------------------------------------------
  -115.369     26.435      3.761     54.195
  -112.016     25.876      3.677     51.295
  -108.663     25.317      3.593     48.404
  -105.310     24.758      3.510     45.523
  -101.958     24.200      3.426     42.655
   -98.605     23.641      3.342     39.802
   -95.252     23.083      3.258     36.966
   -91.899     22.525      3.174     34.150
   -88.547     21.966      3.090     31.360
   -85.194     21.408      3.007     28.600
   -81.841     20.850      2.923     25.879
   -78.488     20.291      2.839     23.211
   -75.135     19.733      2.755     20.614
   -71.783     19.174      2.671     18.118
   -68.430     18.615      2.588     15.769
   -65.077     18.056      2.504     13.636
   -61.725     17.497      2.420     11.829
   -58.372     16.938      2.337     10.509
   -55.019     16.379      2.253      9.868
   -51.666     15.821      2.169     10.034
   -48.314     15.262      2.086     10.963
   -44.961     14.704      2.002     12.475
   -41.608     14.145      1.918     14.376
   -38.255     13.587      1.834     16.524
   -34.903     13.029      1.750     18.827
   -31.550     12.470      1.666     21.224
   -28.197     11.912      1.582     23.707
   -24.844     11.354      1.499     26.273
   -21.491     10.795      1.415     28.903
   -18.139     10.236      1.331     31.582
   -14.786      9.678      1.247     34.298
   -11.433      9.119      1.164     37.042
  -117.358     17.582    -16.829     52.144
  -114.005     17.022    -16.912     49.327
  -110.653     16.463    -16.995     46.528
  -107.300     15.903    -17.079     43.752
  -103.948     15.344    -17.162     41.003
  -100.595     14.784    -17.245     38.288
   -97.243     14.224    -17.328     35.612
   -93.890     13.664    -17.411     32.986
   -90.537     13.104    -17.495     30.421
   -87.185     12.544    -17.578     27.931
   -83.832     11.984    -17.661     25.538
   -80.480     11.424    -17.744     23.272
   -77.127     10.864    -17.827     21.171
   -73.775     10.305    -17.911     19.288
   -70.422      9.745    -17.994     17.689
   -67.069      9.186    -18.077     16.449
   -63.717      8.626    -18.161     15.646
   -60.364      8.067    -18.244     15.345
   -57.012      7.507    -18.328     15.572
   -53.659      6.948    -18.411     16.300
   -50.306      6.388    -18.494     17.465
   -46.954      5.828    -18.577     18.982
   -43.601      5.268    -18.660     20.772
   -40.249      4.708    -18.743     22.769
   -36.896      4.148    -18.827     24.922
   -33.544      3.588    -18.910     27.197
   -30.191      3.028    -18.993     29.566
   -26.839      2.468    -19.076     32.009
   -23.486      1.908    -19.159     34.514
   -20.134      1.348    -19.243     37.071
   -16.781      0.789    -19.326     39.671
   -13.428      0.229    -19.409     42.308
  -131.158     -2.800    -19.014     58.494
  -127.805     -3.359    -19.097     55.667
  -124.453     -3.918    -19.180     52.862
  -121.100     -4.477    -19.262     50.087
  -117.747     -5.036    -19.345     47.347
  -114.395     -5.595    -19.428     44.650
  -111.042     -6.154    -19.511     42.003
  -107.689     -6.713    -19.595     39.418
  -104.337     -7.273    -19.678     36.904
  -100.984     -7.832    -19.761     34.476
   -97.631     -8.391    -19.844     32.151
   -94.279     -8.951    -19.927     29.949
   -90.926     -9.510    -20.011     27.896
   -87.573    -10.070    -20.094     26.023
   -84.221    -10.629    -20.177     24.366
   -80.868    -11.189    -20.261     22.966
   -77.516    -11.748    -20.344     21.866
   -74.163    -12.308    -20.427     21.108
   -70.810    -12.867    -20.511     20.733
   -67.458    -13.427    -20.594     20.763
   -64.105    -13.986    -20.677     21.205
   -60.752    -14.546    -20.760     22.042
   -57.400    -15.105    -20.844     23.234
   -54.047    -15.665    -20.927     24.737
   -50.695    -16.224    -21.010     26.502
   -47.342    -16.783    -21.093     28.483
   -43.989    -17.342    -21.176     30.641
   -40.637    -17.901    -21.259     32.941
   -37.284    -18.460    -21.342     35.357
   -33.931    -19.019    -21.425     37.865
   -30.578    -19.578    -21.507     40.446
  -132.911    -16.004     -0.880     58.478
  -129.558    -16.563     -0.963     55.705
  -126.206    -17.121     -1.045     52.968
  -122.853    -17.680     -1.128     50.271
  -119.500    -18.238     -1.210     47.619
  -116.147    -18.796     -1.293     45.018
  -112.794    -19.354     -1.375     42.475
  -109.441    -19.912     -1.457     39.999
  -106.088    -20.470     -1.539     37.600
  -102.735    -21.028     -1.621     35.291
   -99.382    -21.586     -1.703     33.089
   -96.030    -22.144     -1.785     31.013
   -92.677    -22.701     -1.867     29.089
   -89.324    -23.259     -1.949     27.348
   -85.971    -23.817     -2.031     25.829
   -82.618    -24.375     -2.113     24.583
   -79.265    -24.932     -2.195     23.649
   -75.912    -25.490     -2.277     23.065
   -72.559    -26.048     -2.359     22.858
   -69.206    -26.606     -2.441     23.036
   -65.853    -27.163     -2.523     23.591
   -62.500    -27.721     -2.605     24.499
   -59.147    -28.279     -2.688     25.723
   -55.794    -28.837     -2.770     27.223
   -52.441    -29.395     -2.852     28.957
   -49.089    -29.953     -2.934     30.889
   -45.736    -30.511     -3.017     32.985
   -42.383    -31.070     -3.099     35.219
   -39.030    -31.628     -3.181     37.567
   -35.677    -32.187     -3.264     40.011
   -32.324    -32.745     -3.346     42.534
  -107.463    -11.046     19.129     42.929
  -104.110    -11.604     19.046     40.343
  -100.757    -12.161     18.964     37.837
   -97.404    -12.719     18.881     35.427
   -94.051    -13.277     18.799     33.132
   -90.698    -13.834     18.717     30.974
   -87.345    -14.392     18.635     28.980
   -83.992    -14.950     18.553     27.178
   -80.639    -15.508     18.471     25.601
   -77.286    -16.065     18.389     24.290
   -73.934    -16.623     18.307     23.299
   -70.581    -17.181     18.225     22.674
   -67.228    -17.739     18.144     22.452
   -63.875    -18.296     18.062     22.649
   -60.522    -18.854     17.980     23.260
   -57.169    -19.412     17.899     24.258
   -53.816    -19.970     17.817     25.600
   -50.463    -20.527     17.735     27.238
   -47.110    -21.085     17.654     29.127
   -43.757    -21.643     17.572     31.222
   -40.404    -22.201     17.490     33.486
   -37.051    -22.758     17.408     35.890
   -33.698    -23.316     17.326     38.407
   -30.345    -23.874     17.244     41.017
   -26.992    -24.431     17.162     43.705
   -23.639    -24.989     17.080     46.457
   -20.286    -25.547     16.998     49.262
   -16.933    -26.105     16.916     52.110
   -13.581    -26.662     16.833     54.993
   -10.228    -27.220     16.751     57.905
    -6.875    -27.777     16.668     60.838
  -103.735     11.007     21.577     44.716
  -100.382     10.450     21.494     41.940
   -97.029      9.892     21.411     39.213
   -93.676      9.335     21.328     36.548
   -90.323      8.777     21.245     33.959
   -86.970      8.219     21.161     31.464
   -83.617      7.662     21.078     29.086
   -80.264      7.104     20.994     26.854
   -76.911      6.547     20.911     24.806
   -73.558      5.989     20.827     22.988
   -70.205      5.432     20.743     21.459
   -66.853      4.874     20.659     20.281
   -63.500      4.317     20.575     19.519
   -60.147      3.759     20.491     19.220
   -56.794      3.202     20.408     19.406
   -53.441      2.644     20.324     20.064
   -50.088      2.087     20.240     21.150
   -46.735      1.529     20.156     22.605
   -43.382      0.972     20.072     24.363
   -40.029      0.414     19.988     26.368
   -36.676     -0.143     19.904     28.569
   -33.323     -0.701     19.820     30.927
   -29.970     -1.258     19.737     33.411
   -26.617     -1.816     19.653     35.997
   -23.264     -2.373     19.569     38.668
   -19.911     -2.931     19.486     41.409
   -16.559     -3.488     19.402     44.211
   -13.206     -4.046     19.319     47.063
    -9.853     -4.604     19.236     49.960
    -6.500     -5.161     19.153     52.895
    -3.147     -5.719     19.070     55.863
   -27.816     34.526      4.086     25.502
   -24.463     33.968      4.002     27.050
   -21.111     33.410      3.918     28.745
   -17.758     32.851      3.834     30.557
   -14.405     32.293      3.750     32.465
   -11.052     31.734      3.666     34.447
    -7.699     31.176      3.582     36.488
    -4.347     30.618      3.498     38.575
    -0.994     30.059      3.415     40.699
     2.359     29.501      3.331     42.851
     5.712     28.943      3.247     45.025
     9.065     28.384      3.163     47.215
    12.417     27.826      3.079     49.417
    15.770     27.268      2.995     51.628
    19.123     26.709      2.911     53.845
    22.476     26.151      2.827     56.067
    25.828     25.593      2.744     58.290
    29.181     25.034      2.660     60.513
    32.534     24.476      2.576     62.736
    35.887     23.917      2.492     64.957
    39.240     23.359      2.408     65.627
    42.592     22.801      2.324     64.761
    45.945     22.242      2.240     63.916
    49.298     21.684      2.156     63.094
    52.651     21.126      2.072     62.295
    56.004     20.567      1.989     61.519
    59.356     20.009      1.905     60.767
    62.709     19.451      1.821     60.039
    66.062     18.892      1.737     59.337
    69.415     18.334      1.653     58.660
    72.768     17.776      1.569     58.010
    76.120     17.217      1.485     57.388
    79.473     16.659      1.401     56.795
    82.826     16.101      1.318     56.232
    86.179     15.542      1.234     55.700
    89.532     14.984      1.150     55.201
    92.884     14.425      1.066     54.736
    96.237     13.867      0.982     54.307
    99.590     13.309      0.898     53.915
   102.943     12.750      0.814     53.563
   106.295     12.192      0.730     53.251
   109.648     11.634      0.646     52.982
   113.001     11.075      0.563     52.758
   116.354     10.517      0.479     52.580
   119.707      9.959      0.395     52.450
   123.059      9.400      0.311     52.371
   126.412      8.842      0.227     52.343
   129.765      8.284      0.143     52.369
   133.118      7.725      0.059     52.451
   136.471      7.167     -0.025     52.589
   139.823      6.609     -0.108     52.786
   143.176      6.050     -0.192     53.042
   146.529      5.492     -0.276     53.359
   149.882      4.933     -0.360     52.159
   153.235      4.375     -0.444     49.449
   156.587      3.817     -0.528     46.819
   159.940      3.258     -0.612     44.288
   163.293      2.700     -0.696     41.876
   166.646      2.142     -0.780     39.608
   169.998      1.583     -0.863     37.515
   173.351      1.025     -0.947     35.632
   176.704      0.467     -1.031     33.996
   180.057     -0.092     -1.115     32.650
   183.410     -0.650     -1.199     31.636
   186.762     -1.208     -1.283     30.991
   190.115     -1.767     -1.367     30.743
   193.468     -2.325     -1.451     30.908
   196.821     -2.883     -1.534     31.483
   200.174     -3.442     -1.618     32.451
   203.526     -4.000     -1.702     33.784
   206.879     -4.559     -1.786     35.446
   210.232     -5.117     -1.870     37.397
   213.585     -5.675     -1.954     39.598
   216.938     -6.234     -2.038     42.014
   220.290     -6.792     -2.122     44.615
   223.643     -7.350     -2.205     47.372
   226.996     -7.909     -2.289     49.738
   230.349     -8.467     -2.373     51.946
   233.702     -9.025     -2.457     54.562
   237.054     -9.584     -2.541     57.534
   240.407    -10.142     -2.625     60.814
   243.760    -10.700     -2.709     64.355
   247.113    -11.259     -2.793     68.122
   250.465    -11.817     -2.877     72.079
   253.818    -12.375     -2.960     76.201
   257.171    -12.934     -3.044     80.464
   260.524    -13.492     -3.128     84.848
   263.877    -14.051     -3.212     89.338
   267.229    -14.609     -3.296     93.920
   270.582    -15.167     -3.380     98.582
   273.935    -15.726     -3.464    103.318
   277.288    -16.284     -3.548    108.116
   280.641    -16.842     -3.631    112.971
   283.993    -17.401     -3.715    117.878
   287.346    -17.959     -3.799    122.831
   290.699    -18.517     -3.883    127.825
